0   1   5.6982603  :  0 1
0   2   21.0953823  :  0 1 2
0   3   60.60288390000001  :  0 1 2 3
0   4   72.21537380000001  :  0 1 2 3 4
0   5   84.4634647  :  0 1 2 3 4 5
0   6   95.5946083  :  0 1 2 3 4 5 6
0   7   163.8693352  :  0 1 2 3 4 5 6 7
0   8   198.6698372  :  0 1 2 3 4 5 6 7 8
0   9   206.84147489999998  :  0 1 2 3 4 5 6 7 8 9
0   10   232.0978893  :  0 1 2 3 4 5 6 7 8 9 11 10
0   11   222.52752379999998  :  0 1 2 3 4 5 6 7 8 9 11
0   12   260.8235858  :  0 1 2 3 4 5 6 7 8 9 11 12
0   13   275.62217269999996  :  0 1 2 3 4 5 6 7 8 9 11 12 13
0   14   246.95202059999997  :  0 1 2 3 4 5 6 7 8 9 11 14
0   15   278.4232485  :  0 1 2 3 4 5 6 7 8 9 11 14 15
0   16   292.4674025  :  0 1 2 3 4 5 6 7 8 9 11 14 15 16
0   17   370.5053042  :  0 1 2 3 4 5 6 7 8 9 11 14 15 16 17
0   18   392.1311559  :  0 1 2 3 4 5 6 7 8 9 11 14 15 16 17 18
0   19   402.7105831  :  0 1 2 3 4 5 6 7 8 9 11 14 15 16 17 19
0   20   207.50091709999998  :  0 1 2 3 4 5 6 7 20
0   21   270.8401217  :  0 1 2 3 4 5 6 7 20 21
0   24   94.8188387  :  0 1 2 3 4 5 24
0   25   98.1797302  :  0 1 2 3 4 5 24 25
0   27   316.9240491  :  0 1 2 3 4 5 6 7 20 21 27
0   28   457.4156397  :  0 1 2 3 4 5 6 7 20 21 27 28
0   29   332.8684375  :  0 1 2 3 4 5 6 7 8 9 11 14 15 29
0   30   513.7541891000001  :  0 1 2 3 4 5 6 7 8 9 11 14 15 29 30
0   31   525.615975  :  0 1 2 3 4 5 6 7 8 9 11 14 15 29 30 31
0   32   612.8444311000001  :  0 1 2 3 4 5 6 7 8 9 11 14 15 29 30 31 32
0   33   270.1098804  :  0 1 2 3 4 5 6 7 8 9 11 12 33
0   34   646.8591384000001  :  0 1 2 3 4 5 6 7 8 9 11 14 15 29 30 31 32 34
0   35   716.5745026000001  :  0 1 2 3 4 5 6 7 8 9 11 14 15 29 30 31 32 34 35
0   36   751.2690624  :  0 1 2 3 4 5 6 7 8 9 11 14 15 29 30 31 32 34 35 36
0   37   781.3091917  :  0 1 2 3 4 5 6 7 8 9 11 14 15 29 30 31 32 34 35 36 37
0   38   797.3921565  :  0 1 2 3 4 5 6 7 8 9 11 14 15 29 30 31 32 34 35 36 37 38
0   39   830.0592952000001  :  0 1 2 3 4 5 6 7 8 9 11 14 15 29 30 31 32 34 35 36 37 38 39
0   40   858.9797605000001  :  0 1 2 3 4 5 6 7 8 9 11 14 15 29 30 31 32 34 35 36 37 38 39 40
0   41   581.7928838  :  0 1 2 3 4 5 6 7 8 9 11 14 15 29 30 31 41
0   42   605.1001658  :  0 1 2 3 4 5 6 7 8 9 11 14 15 29 30 31 41 42
0   43   676.4038087  :  0 1 2 3 4 5 6 7 8 9 11 14 15 29 30 31 41 42 43
0   44   727.0791489000001  :  0 1 2 3 4 5 6 7 8 9 11 14 15 29 30 31 41 42 43 44
0   45   867.1181296000001  :  0 1 2 3 4 5 6 7 8 9 11 14 15 29 30 31 41 42 43 44 45
0   46   911.6526315000001  :  0 1 2 3 4 5 6 7 8 9 11 14 15 29 30 31 41 42 43 44 45 46
0   47   157.3993252  :  0 1 2 3 4 5 24 47
0   49   960.4501071000001  :  0 1 2 3 4 5 6 7 8 9 11 14 15 29 30 31 41 42 43 44 45 46 49
0   50   967.2646382  :  0 1 2 3 4 5 6 7 8 9 11 14 15 29 30 31 41 42 43 44 45 46 49 50
0   51   978.7808423  :  0 1 2 3 4 5 6 7 8 9 11 14 15 29 30 31 41 42 43 44 45 46 49 50 51
0   52   47.449942899999996  :  0 1 2 52
0   53   72.8310042  :  0 1 2 52 53
0   54   754.6772626000001  :  0 1 2 3 4 5 6 7 8 9 11 14 15 29 30 31 32 34 35 54
0   58   982.2663346  :  0 1 2 3 4 5 6 7 8 9 11 14 15 29 30 31 41 42 43 44 45 58
1   2   15.397122  :  1 2
1   3   54.90462360000001  :  1 2 3
1   4   66.51711350000001  :  1 2 3 4
1   5   78.7652044  :  1 2 3 4 5
1   6   89.896348  :  1 2 3 4 5 6
1   7   158.1710749  :  1 2 3 4 5 6 7
1   8   192.9715769  :  1 2 3 4 5 6 7 8
1   9   201.1432146  :  1 2 3 4 5 6 7 8 9
1   10   226.399629  :  1 2 3 4 5 6 7 8 9 11 10
1   11   216.8292635  :  1 2 3 4 5 6 7 8 9 11
1   12   255.1253255  :  1 2 3 4 5 6 7 8 9 11 12
1   13   269.9239124  :  1 2 3 4 5 6 7 8 9 11 12 13
1   14   241.2537603  :  1 2 3 4 5 6 7 8 9 11 14
1   15   272.7249882  :  1 2 3 4 5 6 7 8 9 11 14 15
1   16   286.7691422  :  1 2 3 4 5 6 7 8 9 11 14 15 16
1   17   364.8070439  :  1 2 3 4 5 6 7 8 9 11 14 15 16 17
1   18   386.4328956  :  1 2 3 4 5 6 7 8 9 11 14 15 16 17 18
1   19   397.0123228  :  1 2 3 4 5 6 7 8 9 11 14 15 16 17 19
1   20   201.80265680000002  :  1 2 3 4 5 6 7 20
1   21   265.14186140000004  :  1 2 3 4 5 6 7 20 21
1   24   89.1205784  :  1 2 3 4 5 24
1   25   92.4814699  :  1 2 3 4 5 24 25
1   27   311.22578880000003  :  1 2 3 4 5 6 7 20 21 27
1   28   451.7173794  :  1 2 3 4 5 6 7 20 21 27 28
1   29   327.1701772  :  1 2 3 4 5 6 7 8 9 11 14 15 29
1   30   508.0559288  :  1 2 3 4 5 6 7 8 9 11 14 15 29 30
1   31   519.9177147  :  1 2 3 4 5 6 7 8 9 11 14 15 29 30 31
1   32   607.1461708  :  1 2 3 4 5 6 7 8 9 11 14 15 29 30 31 32
1   33   264.4116201  :  1 2 3 4 5 6 7 8 9 11 12 33
1   34   641.1608781000001  :  1 2 3 4 5 6 7 8 9 11 14 15 29 30 31 32 34
1   35   710.8762423000001  :  1 2 3 4 5 6 7 8 9 11 14 15 29 30 31 32 34 35
1   36   745.5708021  :  1 2 3 4 5 6 7 8 9 11 14 15 29 30 31 32 34 35 36
1   37   775.6109314  :  1 2 3 4 5 6 7 8 9 11 14 15 29 30 31 32 34 35 36 37
1   38   791.6938962  :  1 2 3 4 5 6 7 8 9 11 14 15 29 30 31 32 34 35 36 37 38
1   39   824.3610349  :  1 2 3 4 5 6 7 8 9 11 14 15 29 30 31 32 34 35 36 37 38 39
1   40   853.2815002000001  :  1 2 3 4 5 6 7 8 9 11 14 15 29 30 31 32 34 35 36 37 38 39 40
1   41   576.0946235  :  1 2 3 4 5 6 7 8 9 11 14 15 29 30 31 41
1   42   599.4019055  :  1 2 3 4 5 6 7 8 9 11 14 15 29 30 31 41 42
1   43   670.7055484  :  1 2 3 4 5 6 7 8 9 11 14 15 29 30 31 41 42 43
1   44   721.3808886  :  1 2 3 4 5 6 7 8 9 11 14 15 29 30 31 41 42 43 44
1   45   861.4198693000001  :  1 2 3 4 5 6 7 8 9 11 14 15 29 30 31 41 42 43 44 45
1   46   905.9543712000001  :  1 2 3 4 5 6 7 8 9 11 14 15 29 30 31 41 42 43 44 45 46
1   47   151.7010649  :  1 2 3 4 5 24 47
1   49   954.7518468000001  :  1 2 3 4 5 6 7 8 9 11 14 15 29 30 31 41 42 43 44 45 46 49
1   50   961.5663779  :  1 2 3 4 5 6 7 8 9 11 14 15 29 30 31 41 42 43 44 45 46 49 50
1   51   973.082582  :  1 2 3 4 5 6 7 8 9 11 14 15 29 30 31 41 42 43 44 45 46 49 50 51
1   52   41.751682599999995  :  1 2 52
1   53   67.1327439  :  1 2 52 53
1   54   748.9790023  :  1 2 3 4 5 6 7 8 9 11 14 15 29 30 31 32 34 35 54
1   58   976.5680743  :  1 2 3 4 5 6 7 8 9 11 14 15 29 30 31 41 42 43 44 45 58
2   3   39.507501600000005  :  2 3
2   4   51.119991500000005  :  2 3 4
2   5   63.368082400000006  :  2 3 4 5
2   6   74.49922600000001  :  2 3 4 5 6
2   7   142.77395289999998  :  2 3 4 5 6 7
2   8   177.57445489999998  :  2 3 4 5 6 7 8
2   9   185.74609259999997  :  2 3 4 5 6 7 8 9
2   10   211.00250699999998  :  2 3 4 5 6 7 8 9 11 10
2   11   201.43214149999997  :  2 3 4 5 6 7 8 9 11
2   12   239.72820349999998  :  2 3 4 5 6 7 8 9 11 12
2   13   254.52679039999998  :  2 3 4 5 6 7 8 9 11 12 13
2   14   225.8566383  :  2 3 4 5 6 7 8 9 11 14
2   15   257.3278662  :  2 3 4 5 6 7 8 9 11 14 15
2   16   271.3720202  :  2 3 4 5 6 7 8 9 11 14 15 16
2   17   349.40992190000003  :  2 3 4 5 6 7 8 9 11 14 15 16 17
2   18   371.0357736  :  2 3 4 5 6 7 8 9 11 14 15 16 17 18
2   19   381.6152008  :  2 3 4 5 6 7 8 9 11 14 15 16 17 19
2   20   186.4055348  :  2 3 4 5 6 7 20
2   21   249.7447394  :  2 3 4 5 6 7 20 21
2   24   73.7234564  :  2 3 4 5 24
2   25   77.0843479  :  2 3 4 5 24 25
2   27   295.8286668  :  2 3 4 5 6 7 20 21 27
2   28   436.3202574  :  2 3 4 5 6 7 20 21 27 28
2   29   311.77305520000004  :  2 3 4 5 6 7 8 9 11 14 15 29
2   30   492.65880680000004  :  2 3 4 5 6 7 8 9 11 14 15 29 30
2   31   504.52059270000007  :  2 3 4 5 6 7 8 9 11 14 15 29 30 31
2   32   591.7490488000001  :  2 3 4 5 6 7 8 9 11 14 15 29 30 31 32
2   33   249.01449809999997  :  2 3 4 5 6 7 8 9 11 12 33
2   34   625.7637561000001  :  2 3 4 5 6 7 8 9 11 14 15 29 30 31 32 34
2   35   695.4791203000001  :  2 3 4 5 6 7 8 9 11 14 15 29 30 31 32 34 35
2   36   730.1736801000001  :  2 3 4 5 6 7 8 9 11 14 15 29 30 31 32 34 35 36
2   37   760.2138094000001  :  2 3 4 5 6 7 8 9 11 14 15 29 30 31 32 34 35 36 37
2   38   776.2967742000001  :  2 3 4 5 6 7 8 9 11 14 15 29 30 31 32 34 35 36 37 38
2   39   808.9639129000001  :  2 3 4 5 6 7 8 9 11 14 15 29 30 31 32 34 35 36 37 38 39
2   40   837.8843782000001  :  2 3 4 5 6 7 8 9 11 14 15 29 30 31 32 34 35 36 37 38 39 40
2   41   560.6975015  :  2 3 4 5 6 7 8 9 11 14 15 29 30 31 41
2   42   584.0047835  :  2 3 4 5 6 7 8 9 11 14 15 29 30 31 41 42
2   43   655.3084264  :  2 3 4 5 6 7 8 9 11 14 15 29 30 31 41 42 43
2   44   705.9837666000001  :  2 3 4 5 6 7 8 9 11 14 15 29 30 31 41 42 43 44
2   45   846.0227473000001  :  2 3 4 5 6 7 8 9 11 14 15 29 30 31 41 42 43 44 45
2   46   890.5572492000001  :  2 3 4 5 6 7 8 9 11 14 15 29 30 31 41 42 43 44 45 46
2   47   136.3039429  :  2 3 4 5 24 47
2   49   939.3547248000001  :  2 3 4 5 6 7 8 9 11 14 15 29 30 31 41 42 43 44 45 46 49
2   50   946.1692559  :  2 3 4 5 6 7 8 9 11 14 15 29 30 31 41 42 43 44 45 46 49 50
2   51   957.68546  :  2 3 4 5 6 7 8 9 11 14 15 29 30 31 41 42 43 44 45 46 49 50 51
2   52   26.3545606  :  2 52
2   53   51.7356219  :  2 52 53
2   54   733.5818803000001  :  2 3 4 5 6 7 8 9 11 14 15 29 30 31 32 34 35 54
2   58   961.1709523000001  :  2 3 4 5 6 7 8 9 11 14 15 29 30 31 41 42 43 44 45 58
3   4   11.6124899  :  3 4
3   5   23.8605808  :  3 4 5
3   6   34.9917244  :  3 4 5 6
3   7   103.2664513  :  3 4 5 6 7
3   8   138.0669533  :  3 4 5 6 7 8
3   9   146.23859099999999  :  3 4 5 6 7 8 9
3   10   171.4950054  :  3 4 5 6 7 8 9 11 10
3   11   161.9246399  :  3 4 5 6 7 8 9 11
3   12   200.2207019  :  3 4 5 6 7 8 9 11 12
3   13   215.0192888  :  3 4 5 6 7 8 9 11 12 13
3   14   186.34913669999997  :  3 4 5 6 7 8 9 11 14
3   15   217.82036459999998  :  3 4 5 6 7 8 9 11 14 15
3   16   231.86451859999997  :  3 4 5 6 7 8 9 11 14 15 16
3   17   309.90242029999996  :  3 4 5 6 7 8 9 11 14 15 16 17
3   18   331.52827199999996  :  3 4 5 6 7 8 9 11 14 15 16 17 18
3   19   342.10769919999996  :  3 4 5 6 7 8 9 11 14 15 16 17 19
3   20   146.8980332  :  3 4 5 6 7 20
3   21   210.23723779999997  :  3 4 5 6 7 20 21
3   24   34.2159548  :  3 4 5 24
3   25   37.5768463  :  3 4 5 24 25
3   27   256.3211652  :  3 4 5 6 7 20 21 27
3   28   396.8127558  :  3 4 5 6 7 20 21 27 28
3   29   272.2655536  :  3 4 5 6 7 8 9 11 14 15 29
3   30   453.15130519999997  :  3 4 5 6 7 8 9 11 14 15 29 30
3   31   465.0130911  :  3 4 5 6 7 8 9 11 14 15 29 30 31
3   32   552.2415472  :  3 4 5 6 7 8 9 11 14 15 29 30 31 32
3   33   209.50699649999999  :  3 4 5 6 7 8 9 11 12 33
3   34   586.2562545000001  :  3 4 5 6 7 8 9 11 14 15 29 30 31 32 34
3   35   655.9716187  :  3 4 5 6 7 8 9 11 14 15 29 30 31 32 34 35
3   36   690.6661785  :  3 4 5 6 7 8 9 11 14 15 29 30 31 32 34 35 36
3   37   720.7063078  :  3 4 5 6 7 8 9 11 14 15 29 30 31 32 34 35 36 37
3   38   736.7892726  :  3 4 5 6 7 8 9 11 14 15 29 30 31 32 34 35 36 37 38
3   39   769.4564113  :  3 4 5 6 7 8 9 11 14 15 29 30 31 32 34 35 36 37 38 39
3   40   798.3768766000001  :  3 4 5 6 7 8 9 11 14 15 29 30 31 32 34 35 36 37 38 39 40
3   41   521.1899999  :  3 4 5 6 7 8 9 11 14 15 29 30 31 41
3   42   544.4972819  :  3 4 5 6 7 8 9 11 14 15 29 30 31 41 42
3   43   615.8009248  :  3 4 5 6 7 8 9 11 14 15 29 30 31 41 42 43
3   44   666.476265  :  3 4 5 6 7 8 9 11 14 15 29 30 31 41 42 43 44
3   45   806.5152457  :  3 4 5 6 7 8 9 11 14 15 29 30 31 41 42 43 44 45
3   46   851.0497476  :  3 4 5 6 7 8 9 11 14 15 29 30 31 41 42 43 44 45 46
3   47   96.7964413  :  3 4 5 24 47
3   49   899.8472232  :  3 4 5 6 7 8 9 11 14 15 29 30 31 41 42 43 44 45 46 49
3   50   906.6617543  :  3 4 5 6 7 8 9 11 14 15 29 30 31 41 42 43 44 45 46 49 50
3   51   918.1779584  :  3 4 5 6 7 8 9 11 14 15 29 30 31 41 42 43 44 45 46 49 50 51
3   52   104.7854105  :  3 4 5 1 2 52
3   53   130.1664718  :  3 4 5 1 2 52 53
3   54   694.0743787  :  3 4 5 6 7 8 9 11 14 15 29 30 31 32 34 35 54
3   58   921.6634507  :  3 4 5 6 7 8 9 11 14 15 29 30 31 41 42 43 44 45 58
4   5   12.2480909  :  4 5
4   6   23.3792345  :  4 5 6
4   7   91.65396139999999  :  4 5 6 7
4   8   126.45446339999998  :  4 5 6 7 8
4   9   134.62610109999997  :  4 5 6 7 8 9
4   10   159.88251549999998  :  4 5 6 7 8 9 11 10
4   11   150.31214999999997  :  4 5 6 7 8 9 11
4   12   188.60821199999998  :  4 5 6 7 8 9 11 12
4   13   203.40679889999998  :  4 5 6 7 8 9 11 12 13
4   14   174.73664679999996  :  4 5 6 7 8 9 11 14
4   15   206.20787469999996  :  4 5 6 7 8 9 11 14 15
4   16   220.25202869999995  :  4 5 6 7 8 9 11 14 15 16
4   17   298.28993039999995  :  4 5 6 7 8 9 11 14 15 16 17
4   18   319.91578209999994  :  4 5 6 7 8 9 11 14 15 16 17 18
4   19   330.49520929999994  :  4 5 6 7 8 9 11 14 15 16 17 19
4   20   135.28554329999997  :  4 5 6 7 20
4   21   198.62474789999996  :  4 5 6 7 20 21
4   24   22.6034649  :  4 5 24
4   25   25.9643564  :  4 5 24 25
4   27   244.70867529999995  :  4 5 6 7 20 21 27
4   28   385.2002659  :  4 5 6 7 20 21 27 28
4   29   260.65306369999996  :  4 5 6 7 8 9 11 14 15 29
4   30   441.53881529999995  :  4 5 6 7 8 9 11 14 15 29 30
4   31   453.4006012  :  4 5 6 7 8 9 11 14 15 29 30 31
4   32   540.6290573  :  4 5 6 7 8 9 11 14 15 29 30 31 32
4   33   197.89450659999997  :  4 5 6 7 8 9 11 12 33
4   34   574.6437646  :  4 5 6 7 8 9 11 14 15 29 30 31 32 34
4   35   644.3591288  :  4 5 6 7 8 9 11 14 15 29 30 31 32 34 35
4   36   679.0536886  :  4 5 6 7 8 9 11 14 15 29 30 31 32 34 35 36
4   37   709.0938179  :  4 5 6 7 8 9 11 14 15 29 30 31 32 34 35 36 37
4   38   725.1767827  :  4 5 6 7 8 9 11 14 15 29 30 31 32 34 35 36 37 38
4   39   757.8439214  :  4 5 6 7 8 9 11 14 15 29 30 31 32 34 35 36 37 38 39
4   40   786.7643867  :  4 5 6 7 8 9 11 14 15 29 30 31 32 34 35 36 37 38 39 40
4   41   509.57750999999996  :  4 5 6 7 8 9 11 14 15 29 30 31 41
4   42   532.884792  :  4 5 6 7 8 9 11 14 15 29 30 31 41 42
4   43   604.1884349  :  4 5 6 7 8 9 11 14 15 29 30 31 41 42 43
4   44   654.8637751  :  4 5 6 7 8 9 11 14 15 29 30 31 41 42 43 44
4   45   794.9027558  :  4 5 6 7 8 9 11 14 15 29 30 31 41 42 43 44 45
4   46   839.4372577  :  4 5 6 7 8 9 11 14 15 29 30 31 41 42 43 44 45 46
4   47   85.1839514  :  4 5 24 47
4   49   888.2347333  :  4 5 6 7 8 9 11 14 15 29 30 31 41 42 43 44 45 46 49
4   50   895.0492644  :  4 5 6 7 8 9 11 14 15 29 30 31 41 42 43 44 45 46 49 50
4   51   906.5654685  :  4 5 6 7 8 9 11 14 15 29 30 31 41 42 43 44 45 46 49 50 51
4   52   93.1729206  :  4 5 1 2 52
4   53   118.5539819  :  4 5 1 2 52 53
4   54   682.4618888  :  4 5 6 7 8 9 11 14 15 29 30 31 32 34 35 54
4   58   910.0509608  :  4 5 6 7 8 9 11 14 15 29 30 31 41 42 43 44 45 58
5   6   11.1311436  :  5 6
5   7   79.40587049999999  :  5 6 7
5   8   114.20637249999999  :  5 6 7 8
5   9   122.37801019999999  :  5 6 7 8 9
5   10   147.6344246  :  5 6 7 8 9 11 10
5   11   138.06405909999998  :  5 6 7 8 9 11
5   12   176.3601211  :  5 6 7 8 9 11 12
5   13   191.158708  :  5 6 7 8 9 11 12 13
5   14   162.4885559  :  5 6 7 8 9 11 14
5   15   193.9597838  :  5 6 7 8 9 11 14 15
5   16   208.0039378  :  5 6 7 8 9 11 14 15 16
5   17   286.0418395  :  5 6 7 8 9 11 14 15 16 17
5   18   307.6676912  :  5 6 7 8 9 11 14 15 16 17 18
5   19   318.2471184  :  5 6 7 8 9 11 14 15 16 17 19
5   20   123.03745239999999  :  5 6 7 20
5   21   186.376657  :  5 6 7 20 21
5   24   10.355374  :  5 24
5   25   13.716265499999999  :  5 24 25
5   27   232.4605844  :  5 6 7 20 21 27
5   28   372.952175  :  5 6 7 20 21 27 28
5   29   248.4049728  :  5 6 7 8 9 11 14 15 29
5   30   429.2907244  :  5 6 7 8 9 11 14 15 29 30
5   31   441.1525103  :  5 6 7 8 9 11 14 15 29 30 31
5   32   528.3809664  :  5 6 7 8 9 11 14 15 29 30 31 32
5   33   185.64641569999998  :  5 6 7 8 9 11 12 33
5   34   562.3956737000001  :  5 6 7 8 9 11 14 15 29 30 31 32 34
5   35   632.1110379  :  5 6 7 8 9 11 14 15 29 30 31 32 34 35
5   36   666.8055977  :  5 6 7 8 9 11 14 15 29 30 31 32 34 35 36
5   37   696.845727  :  5 6 7 8 9 11 14 15 29 30 31 32 34 35 36 37
5   38   712.9286918  :  5 6 7 8 9 11 14 15 29 30 31 32 34 35 36 37 38
5   39   745.5958305  :  5 6 7 8 9 11 14 15 29 30 31 32 34 35 36 37 38 39
5   40   774.5162958000001  :  5 6 7 8 9 11 14 15 29 30 31 32 34 35 36 37 38 39 40
5   41   497.3294191  :  5 6 7 8 9 11 14 15 29 30 31 41
5   42   520.6367011  :  5 6 7 8 9 11 14 15 29 30 31 41 42
5   43   591.940344  :  5 6 7 8 9 11 14 15 29 30 31 41 42 43
5   44   642.6156842  :  5 6 7 8 9 11 14 15 29 30 31 41 42 43 44
5   45   782.6546649000001  :  5 6 7 8 9 11 14 15 29 30 31 41 42 43 44 45
5   46   827.1891668000001  :  5 6 7 8 9 11 14 15 29 30 31 41 42 43 44 45 46
5   47   72.9358605  :  5 24 47
5   49   875.9866424  :  5 6 7 8 9 11 14 15 29 30 31 41 42 43 44 45 46 49
5   50   882.8011735  :  5 6 7 8 9 11 14 15 29 30 31 41 42 43 44 45 46 49 50
5   51   894.3173776  :  5 6 7 8 9 11 14 15 29 30 31 41 42 43 44 45 46 49 50 51
5   52   80.9248297  :  5 1 2 52
5   53   106.305891  :  5 1 2 52 53
5   54   670.2137979  :  5 6 7 8 9 11 14 15 29 30 31 32 34 35 54
5   58   897.8028699  :  5 6 7 8 9 11 14 15 29 30 31 41 42 43 44 45 58
6   7   68.27472689999999  :  6 7
6   8   103.07522889999998  :  6 7 8
6   9   111.24686659999999  :  6 7 8 9
6   10   136.503281  :  6 7 8 9 11 10
6   11   126.9329155  :  6 7 8 9 11
6   12   165.22897749999998  :  6 7 8 9 11 12
6   13   180.0275644  :  6 7 8 9 11 12 13
6   14   151.3574123  :  6 7 8 9 11 14
6   15   182.8286402  :  6 7 8 9 11 14 15
6   16   196.8727942  :  6 7 8 9 11 14 15 16
6   17   274.9106959  :  6 7 8 9 11 14 15 16 17
6   18   296.5365476  :  6 7 8 9 11 14 15 16 17 18
6   19   307.1159748  :  6 7 8 9 11 14 15 16 17 19
6   20   111.90630879999999  :  6 7 20
6   21   175.2455134  :  6 7 20 21
6   27   221.3294408  :  6 7 20 21 27
6   28   361.8210314  :  6 7 20 21 27 28
6   29   237.27382920000002  :  6 7 8 9 11 14 15 29
6   30   418.1595808  :  6 7 8 9 11 14 15 29 30
6   31   430.02136670000004  :  6 7 8 9 11 14 15 29 30 31
6   32   517.2498228000001  :  6 7 8 9 11 14 15 29 30 31 32
6   33   174.51527209999998  :  6 7 8 9 11 12 33
6   34   551.2645301000001  :  6 7 8 9 11 14 15 29 30 31 32 34
6   35   620.9798943000001  :  6 7 8 9 11 14 15 29 30 31 32 34 35
6   36   655.6744541  :  6 7 8 9 11 14 15 29 30 31 32 34 35 36
6   37   685.7145834  :  6 7 8 9 11 14 15 29 30 31 32 34 35 36 37
6   38   701.7975482  :  6 7 8 9 11 14 15 29 30 31 32 34 35 36 37 38
6   39   734.4646869000001  :  6 7 8 9 11 14 15 29 30 31 32 34 35 36 37 38 39
6   40   763.3851522000001  :  6 7 8 9 11 14 15 29 30 31 32 34 35 36 37 38 39 40
6   41   486.1982755  :  6 7 8 9 11 14 15 29 30 31 41
6   42   509.5055575  :  6 7 8 9 11 14 15 29 30 31 41 42
6   43   580.8092004  :  6 7 8 9 11 14 15 29 30 31 41 42 43
6   44   631.4845406000001  :  6 7 8 9 11 14 15 29 30 31 41 42 43 44
6   45   771.5235213000001  :  6 7 8 9 11 14 15 29 30 31 41 42 43 44 45
6   46   816.0580232000001  :  6 7 8 9 11 14 15 29 30 31 41 42 43 44 45 46
6   49   864.8554988000001  :  6 7 8 9 11 14 15 29 30 31 41 42 43 44 45 46 49
6   50   871.6700299  :  6 7 8 9 11 14 15 29 30 31 41 42 43 44 45 46 49 50
6   51   883.186234  :  6 7 8 9 11 14 15 29 30 31 41 42 43 44 45 46 49 50 51
6   52   906.7556755  :  6 7 8 9 11 14 15 29 30 31 41 42 43 44 45 46 49 50 51 52
6   53   932.1367368000001  :  6 7 8 9 11 14 15 29 30 31 41 42 43 44 45 46 49 50 51 52 53
6   54   659.0826543000001  :  6 7 8 9 11 14 15 29 30 31 32 34 35 54
6   58   886.6717263  :  6 7 8 9 11 14 15 29 30 31 41 42 43 44 45 58
7   8   34.800502  :  7 8
7   9   42.9721397  :  7 8 9
7   10   68.2285541  :  7 8 9 11 10
7   11   58.6581886  :  7 8 9 11
7   12   96.9542506  :  7 8 9 11 12
7   13   111.7528375  :  7 8 9 11 12 13
7   14   83.0826854  :  7 8 9 11 14
7   15   114.5539133  :  7 8 9 11 14 15
7   16   128.5980673  :  7 8 9 11 14 15 16
7   17   206.635969  :  7 8 9 11 14 15 16 17
7   18   228.2618207  :  7 8 9 11 14 15 16 17 18
7   19   238.84124789999998  :  7 8 9 11 14 15 16 17 19
7   20   43.6315819  :  7 20
7   21   106.9707865  :  7 20 21
7   27   153.0547139  :  7 20 21 27
7   28   293.5463045  :  7 20 21 27 28
7   29   168.9991023  :  7 8 9 11 14 15 29
7   30   349.8848539  :  7 8 9 11 14 15 29 30
7   31   361.7466398  :  7 8 9 11 14 15 29 30 31
7   32   448.97509590000004  :  7 8 9 11 14 15 29 30 31 32
7   33   106.2405452  :  7 8 9 11 12 33
7   34   482.98980320000004  :  7 8 9 11 14 15 29 30 31 32 34
7   35   552.7051674  :  7 8 9 11 14 15 29 30 31 32 34 35
7   36   587.3997272  :  7 8 9 11 14 15 29 30 31 32 34 35 36
7   37   617.4398565  :  7 8 9 11 14 15 29 30 31 32 34 35 36 37
7   38   633.5228213  :  7 8 9 11 14 15 29 30 31 32 34 35 36 37 38
7   39   666.18996  :  7 8 9 11 14 15 29 30 31 32 34 35 36 37 38 39
7   40   695.1104253000001  :  7 8 9 11 14 15 29 30 31 32 34 35 36 37 38 39 40
7   41   417.9235486  :  7 8 9 11 14 15 29 30 31 41
7   42   441.2308306  :  7 8 9 11 14 15 29 30 31 41 42
7   43   512.5344735  :  7 8 9 11 14 15 29 30 31 41 42 43
7   44   563.2098137  :  7 8 9 11 14 15 29 30 31 41 42 43 44
7   45   703.2487944000001  :  7 8 9 11 14 15 29 30 31 41 42 43 44 45
7   46   747.7832963000001  :  7 8 9 11 14 15 29 30 31 41 42 43 44 45 46
7   49   796.5807719000001  :  7 8 9 11 14 15 29 30 31 41 42 43 44 45 46 49
7   50   803.395303  :  7 8 9 11 14 15 29 30 31 41 42 43 44 45 46 49 50
7   51   814.9115071  :  7 8 9 11 14 15 29 30 31 41 42 43 44 45 46 49 50 51
7   52   838.4809486  :  7 8 9 11 14 15 29 30 31 41 42 43 44 45 46 49 50 51 52
7   53   863.8620099000001  :  7 8 9 11 14 15 29 30 31 41 42 43 44 45 46 49 50 51 52 53
7   54   590.8079274  :  7 8 9 11 14 15 29 30 31 32 34 35 54
7   58   818.3969994  :  7 8 9 11 14 15 29 30 31 41 42 43 44 45 58
8   9   8.1716377  :  8 9
8   10   33.4280521  :  8 9 11 10
8   11   23.8576866  :  8 9 11
8   12   62.1537486  :  8 9 11 12
8   13   76.9523355  :  8 9 11 12 13
8   14   48.2821834  :  8 9 11 14
8   15   79.75341130000001  :  8 9 11 14 15
8   16   93.79756530000002  :  8 9 11 14 15 16
8   17   171.83546700000002  :  8 9 11 14 15 16 17
8   18   193.46131870000002  :  8 9 11 14 15 16 17 18
8   19   204.04074590000002  :  8 9 11 14 15 16 17 19
8   20   217.4622203  :  8 9 11 14 15 16 17 19 20
8   21   280.80142490000003  :  8 9 11 14 15 16 17 19 20 21
8   27   326.8853523  :  8 9 11 14 15 16 17 19 20 21 27
8   28   467.3769429  :  8 9 11 14 15 16 17 19 20 21 27 28
8   29   134.1986003  :  8 9 11 14 15 29
8   30   315.0843519  :  8 9 11 14 15 29 30
8   31   326.9461378  :  8 9 11 14 15 29 30 31
8   32   414.1745939  :  8 9 11 14 15 29 30 31 32
8   33   71.4400432  :  8 9 11 12 33
8   34   448.1893012  :  8 9 11 14 15 29 30 31 32 34
8   35   517.9046654  :  8 9 11 14 15 29 30 31 32 34 35
8   36   552.5992252  :  8 9 11 14 15 29 30 31 32 34 35 36
8   37   582.6393545  :  8 9 11 14 15 29 30 31 32 34 35 36 37
8   38   598.7223193  :  8 9 11 14 15 29 30 31 32 34 35 36 37 38
8   39   631.389458  :  8 9 11 14 15 29 30 31 32 34 35 36 37 38 39
8   40   660.3099233  :  8 9 11 14 15 29 30 31 32 34 35 36 37 38 39 40
8   41   383.12304659999995  :  8 9 11 14 15 29 30 31 41
8   42   406.43032859999994  :  8 9 11 14 15 29 30 31 41 42
8   43   477.73397149999994  :  8 9 11 14 15 29 30 31 41 42 43
8   44   528.4093117  :  8 9 11 14 15 29 30 31 41 42 43 44
8   45   668.4482924  :  8 9 11 14 15 29 30 31 41 42 43 44 45
8   46   712.9827943  :  8 9 11 14 15 29 30 31 41 42 43 44 45 46
8   49   761.7802699  :  8 9 11 14 15 29 30 31 41 42 43 44 45 46 49
8   50   768.594801  :  8 9 11 14 15 29 30 31 41 42 43 44 45 46 49 50
8   51   780.1110050999999  :  8 9 11 14 15 29 30 31 41 42 43 44 45 46 49 50 51
8   52   803.6804466  :  8 9 11 14 15 29 30 31 41 42 43 44 45 46 49 50 51 52
8   53   829.0615079  :  8 9 11 14 15 29 30 31 41 42 43 44 45 46 49 50 51 52 53
8   54   556.0074254  :  8 9 11 14 15 29 30 31 32 34 35 54
8   58   783.5964974  :  8 9 11 14 15 29 30 31 41 42 43 44 45 58
9   10   25.256414399999997  :  9 11 10
9   11   15.6860489  :  9 11
9   12   53.982110899999995  :  9 11 12
9   13   68.7806978  :  9 11 12 13
9   14   40.1105457  :  9 11 14
9   15   71.5817736  :  9 11 14 15
9   16   85.62592760000001  :  9 11 14 15 16
9   17   163.66382930000003  :  9 11 14 15 16 17
9   18   185.28968100000003  :  9 11 14 15 16 17 18
9   19   195.86910820000003  :  9 11 14 15 16 17 19
9   20   209.29058260000002  :  9 11 14 15 16 17 19 20
9   21   272.6297872  :  9 11 14 15 16 17 19 20 21
9   27   318.7137146  :  9 11 14 15 16 17 19 20 21 27
9   28   459.2053052  :  9 11 14 15 16 17 19 20 21 27 28
9   29   126.0269626  :  9 11 14 15 29
9   30   306.9127142  :  9 11 14 15 29 30
9   31   318.77450009999995  :  9 11 14 15 29 30 31
9   32   406.00295619999997  :  9 11 14 15 29 30 31 32
9   33   63.26840549999999  :  9 11 12 33
9   34   440.01766349999997  :  9 11 14 15 29 30 31 32 34
9   35   509.7330277  :  9 11 14 15 29 30 31 32 34 35
9   36   544.4275875  :  9 11 14 15 29 30 31 32 34 35 36
9   37   574.4677168  :  9 11 14 15 29 30 31 32 34 35 36 37
9   38   590.5506816  :  9 11 14 15 29 30 31 32 34 35 36 37 38
9   39   623.2178203  :  9 11 14 15 29 30 31 32 34 35 36 37 38 39
9   40   652.1382856  :  9 11 14 15 29 30 31 32 34 35 36 37 38 39 40
9   41   374.95140889999993  :  9 11 14 15 29 30 31 41
9   42   398.2586908999999  :  9 11 14 15 29 30 31 41 42
9   43   469.5623337999999  :  9 11 14 15 29 30 31 41 42 43
9   44   520.237674  :  9 11 14 15 29 30 31 41 42 43 44
9   45   660.2766547  :  9 11 14 15 29 30 31 41 42 43 44 45
9   46   704.8111566  :  9 11 14 15 29 30 31 41 42 43 44 45 46
9   49   753.6086322  :  9 11 14 15 29 30 31 41 42 43 44 45 46 49
9   50   760.4231632999999  :  9 11 14 15 29 30 31 41 42 43 44 45 46 49 50
9   51   771.9393673999999  :  9 11 14 15 29 30 31 41 42 43 44 45 46 49 50 51
9   52   795.5088089  :  9 11 14 15 29 30 31 41 42 43 44 45 46 49 50 51 52
9   53   820.8898702  :  9 11 14 15 29 30 31 41 42 43 44 45 46 49 50 51 52 53
9   54   547.8357877  :  9 11 14 15 29 30 31 32 34 35 54
9   58   775.4248597  :  9 11 14 15 29 30 31 41 42 43 44 45 58
11   12   38.296062  :  11 12
11   13   53.094648899999996  :  11 12 13
11   14   24.4244968  :  11 14
11   15   55.8957247  :  11 14 15
11   16   69.93987870000001  :  11 14 15 16
11   17   147.97778040000003  :  11 14 15 16 17
11   18   169.60363210000003  :  11 14 15 16 17 18
11   19   180.18305930000002  :  11 14 15 16 17 19
11   20   193.60453370000002  :  11 14 15 16 17 19 20
11   21   256.9437383  :  11 14 15 16 17 19 20 21
11   27   303.0276657  :  11 14 15 16 17 19 20 21 27
11   28   443.5192563  :  11 14 15 16 17 19 20 21 27 28
11   29   110.3409137  :  11 14 15 29
11   30   291.2266653  :  11 14 15 29 30
11   31   303.0884512  :  11 14 15 29 30 31
11   32   390.3169073  :  11 14 15 29 30 31 32
11   33   47.5823566  :  11 12 33
11   34   424.3316146  :  11 14 15 29 30 31 32 34
11   35   494.04697880000003  :  11 14 15 29 30 31 32 34 35
11   36   528.7415386  :  11 14 15 29 30 31 32 34 35 36
11   37   558.7816679  :  11 14 15 29 30 31 32 34 35 36 37
11   38   574.8646327  :  11 14 15 29 30 31 32 34 35 36 37 38
11   39   607.5317714  :  11 14 15 29 30 31 32 34 35 36 37 38 39
11   40   636.4522367000001  :  11 14 15 29 30 31 32 34 35 36 37 38 39 40
11   41   359.26536  :  11 14 15 29 30 31 41
11   42   382.572642  :  11 14 15 29 30 31 41 42
11   43   453.8762849  :  11 14 15 29 30 31 41 42 43
11   44   504.55162509999997  :  11 14 15 29 30 31 41 42 43 44
11   45   644.5906057999999  :  11 14 15 29 30 31 41 42 43 44 45
11   46   689.1251077  :  11 14 15 29 30 31 41 42 43 44 45 46
11   49   737.9225832999999  :  11 14 15 29 30 31 41 42 43 44 45 46 49
11   50   744.7371143999999  :  11 14 15 29 30 31 41 42 43 44 45 46 49 50
11   51   756.2533184999999  :  11 14 15 29 30 31 41 42 43 44 45 46 49 50 51
11   52   779.8227599999999  :  11 14 15 29 30 31 41 42 43 44 45 46 49 50 51 52
11   53   805.2038213  :  11 14 15 29 30 31 41 42 43 44 45 46 49 50 51 52 53
11   54   532.1497388  :  11 14 15 29 30 31 32 34 35 54
11   58   759.7388107999999  :  11 14 15 29 30 31 41 42 43 44 45 58
12   13   14.7985869  :  12 13
12   14   48.095031899999995  :  12 13 14
12   15   79.5662598  :  12 13 14 15
12   16   93.6104138  :  12 13 14 15 16
12   17   171.64831550000002  :  12 13 14 15 16 17
12   18   193.27416720000002  :  12 13 14 15 16 17 18
12   19   203.85359440000002  :  12 13 14 15 16 17 19
12   20   217.2750688  :  12 13 14 15 16 17 19 20
12   21   280.6142734  :  12 13 14 15 16 17 19 20 21
12   27   326.6982008  :  12 13 14 15 16 17 19 20 21 27
12   28   467.1897914  :  12 13 14 15 16 17 19 20 21 27 28
12   29   134.01144879999998  :  12 13 14 15 29
12   30   314.8972004  :  12 13 14 15 29 30
12   31   326.75898629999995  :  12 13 14 15 29 30 31
12   32   413.98744239999996  :  12 13 14 15 29 30 31 32
12   33   9.2862946  :  12 33
12   34   448.00214969999996  :  12 13 14 15 29 30 31 32 34
12   35   517.7175139  :  12 13 14 15 29 30 31 32 34 35
12   36   552.4120737  :  12 13 14 15 29 30 31 32 34 35 36
12   37   582.4522029999999  :  12 13 14 15 29 30 31 32 34 35 36 37
12   38   598.5351678  :  12 13 14 15 29 30 31 32 34 35 36 37 38
12   39   631.2023065  :  12 13 14 15 29 30 31 32 34 35 36 37 38 39
12   40   660.1227718  :  12 13 14 15 29 30 31 32 34 35 36 37 38 39 40
12   41   382.9358950999999  :  12 13 14 15 29 30 31 41
12   42   406.2431770999999  :  12 13 14 15 29 30 31 41 42
12   43   477.5468199999999  :  12 13 14 15 29 30 31 41 42 43
12   44   528.2221602  :  12 13 14 15 29 30 31 41 42 43 44
12   45   668.2611409  :  12 13 14 15 29 30 31 41 42 43 44 45
12   46   712.7956428  :  12 13 14 15 29 30 31 41 42 43 44 45 46
12   49   761.5931184  :  12 13 14 15 29 30 31 41 42 43 44 45 46 49
12   50   768.4076494999999  :  12 13 14 15 29 30 31 41 42 43 44 45 46 49 50
12   51   779.9238535999999  :  12 13 14 15 29 30 31 41 42 43 44 45 46 49 50 51
12   52   803.4932951  :  12 13 14 15 29 30 31 41 42 43 44 45 46 49 50 51 52
12   53   828.8743564  :  12 13 14 15 29 30 31 41 42 43 44 45 46 49 50 51 52 53
12   54   555.8202739  :  12 13 14 15 29 30 31 32 34 35 54
12   58   783.4093459  :  12 13 14 15 29 30 31 41 42 43 44 45 58
13   14   33.296445  :  13 14
13   15   64.76767290000001  :  13 14 15
13   16   78.81182690000001  :  13 14 15 16
13   17   156.84972860000002  :  13 14 15 16 17
13   18   178.47558030000002  :  13 14 15 16 17 18
13   19   189.05500750000002  :  13 14 15 16 17 19
13   20   202.4764819  :  13 14 15 16 17 19 20
13   21   265.8156865  :  13 14 15 16 17 19 20 21
13   27   311.8996139  :  13 14 15 16 17 19 20 21 27
13   28   452.3912045  :  13 14 15 16 17 19 20 21 27 28
13   29   119.21286190000001  :  13 14 15 29
13   30   300.0986135  :  13 14 15 29 30
13   31   311.96039940000003  :  13 14 15 29 30 31
13   32   399.18885550000005  :  13 14 15 29 30 31 32
13   34   433.20356280000004  :  13 14 15 29 30 31 32 34
13   35   502.91892700000005  :  13 14 15 29 30 31 32 34 35
13   36   537.6134868  :  13 14 15 29 30 31 32 34 35 36
13   37   567.6536161  :  13 14 15 29 30 31 32 34 35 36 37
13   38   583.7365809  :  13 14 15 29 30 31 32 34 35 36 37 38
13   39   616.4037196  :  13 14 15 29 30 31 32 34 35 36 37 38 39
13   40   645.3241849000001  :  13 14 15 29 30 31 32 34 35 36 37 38 39 40
13   41   368.1373082  :  13 14 15 29 30 31 41
13   42   391.4445902  :  13 14 15 29 30 31 41 42
13   43   462.7482331  :  13 14 15 29 30 31 41 42 43
13   44   513.4235733  :  13 14 15 29 30 31 41 42 43 44
13   45   653.4625540000001  :  13 14 15 29 30 31 41 42 43 44 45
13   46   697.9970559000001  :  13 14 15 29 30 31 41 42 43 44 45 46
13   49   746.7945315000001  :  13 14 15 29 30 31 41 42 43 44 45 46 49
13   50   753.6090626  :  13 14 15 29 30 31 41 42 43 44 45 46 49 50
13   51   765.1252667  :  13 14 15 29 30 31 41 42 43 44 45 46 49 50 51
13   52   788.6947082  :  13 14 15 29 30 31 41 42 43 44 45 46 49 50 51 52
13   53   814.0757695000001  :  13 14 15 29 30 31 41 42 43 44 45 46 49 50 51 52 53
13   54   541.021687  :  13 14 15 29 30 31 32 34 35 54
13   58   768.610759  :  13 14 15 29 30 31 41 42 43 44 45 58
14   15   31.471227900000002  :  14 15
14   16   45.5153819  :  14 15 16
14   17   123.55328360000001  :  14 15 16 17
14   18   145.1791353  :  14 15 16 17 18
14   19   155.7585625  :  14 15 16 17 19
14   20   169.1800369  :  14 15 16 17 19 20
14   21   232.5192415  :  14 15 16 17 19 20 21
14   27   278.6031689  :  14 15 16 17 19 20 21 27
14   28   419.0947595  :  14 15 16 17 19 20 21 27 28
14   29   85.9164169  :  14 15 29
14   30   266.8021685  :  14 15 29 30
14   31   278.66395439999997  :  14 15 29 30 31
14   32   365.8924105  :  14 15 29 30 31 32
14   34   399.9071178  :  14 15 29 30 31 32 34
14   35   469.622482  :  14 15 29 30 31 32 34 35
14   36   504.31704179999997  :  14 15 29 30 31 32 34 35 36
14   37   534.3571711  :  14 15 29 30 31 32 34 35 36 37
14   38   550.4401359  :  14 15 29 30 31 32 34 35 36 37 38
14   39   583.1072746  :  14 15 29 30 31 32 34 35 36 37 38 39
14   40   612.0277399  :  14 15 29 30 31 32 34 35 36 37 38 39 40
14   41   334.84086319999994  :  14 15 29 30 31 41
14   42   358.14814519999993  :  14 15 29 30 31 41 42
14   43   429.45178809999993  :  14 15 29 30 31 41 42 43
14   44   480.1271282999999  :  14 15 29 30 31 41 42 43 44
14   45   620.1661089999999  :  14 15 29 30 31 41 42 43 44 45
14   46   664.7006108999999  :  14 15 29 30 31 41 42 43 44 45 46
14   49   713.4980864999999  :  14 15 29 30 31 41 42 43 44 45 46 49
14   50   720.3126175999998  :  14 15 29 30 31 41 42 43 44 45 46 49 50
14   51   731.8288216999998  :  14 15 29 30 31 41 42 43 44 45 46 49 50 51
14   52   755.3982631999999  :  14 15 29 30 31 41 42 43 44 45 46 49 50 51 52
14   53   780.7793244999999  :  14 15 29 30 31 41 42 43 44 45 46 49 50 51 52 53
14   54   507.725242  :  14 15 29 30 31 32 34 35 54
14   58   735.3143139999999  :  14 15 29 30 31 41 42 43 44 45 58
15   16   14.044154  :  15 16
15   17   92.08205570000001  :  15 16 17
15   18   113.70790740000001  :  15 16 17 18
15   19   124.28733460000001  :  15 16 17 19
15   20   137.708809  :  15 16 17 19 20
15   21   201.0480136  :  15 16 17 19 20 21
15   27   247.13194099999998  :  15 16 17 19 20 21 27
15   28   387.6235316  :  15 16 17 19 20 21 27 28
15   29   54.445189  :  15 29
15   30   235.3309406  :  15 29 30
15   31   247.1927265  :  15 29 30 31
15   32   334.4211826  :  15 29 30 31 32
15   34   368.4358899  :  15 29 30 31 32 34
15   35   438.1512541  :  15 29 30 31 32 34 35
15   36   472.8458139  :  15 29 30 31 32 34 35 36
15   37   502.8859432  :  15 29 30 31 32 34 35 36 37
15   38   518.9689079999999  :  15 29 30 31 32 34 35 36 37 38
15   39   551.6360467  :  15 29 30 31 32 34 35 36 37 38 39
15   40   580.556512  :  15 29 30 31 32 34 35 36 37 38 39 40
15   41   303.36963529999997  :  15 29 30 31 41
15   42   326.67691729999996  :  15 29 30 31 41 42
15   43   397.98056019999996  :  15 29 30 31 41 42 43
15   44   448.65590039999995  :  15 29 30 31 41 42 43 44
15   45   588.6948811  :  15 29 30 31 41 42 43 44 45
15   46   633.229383  :  15 29 30 31 41 42 43 44 45 46
15   49   682.0268586  :  15 29 30 31 41 42 43 44 45 46 49
15   50   688.8413896999999  :  15 29 30 31 41 42 43 44 45 46 49 50
15   51   700.3575937999999  :  15 29 30 31 41 42 43 44 45 46 49 50 51
15   52   723.9270353  :  15 29 30 31 41 42 43 44 45 46 49 50 51 52
15   53   749.3080966  :  15 29 30 31 41 42 43 44 45 46 49 50 51 52 53
15   54   476.25401410000006  :  15 29 30 31 32 34 35 54
15   58   703.8430860999999  :  15 29 30 31 41 42 43 44 45 58
16   17   78.0379017  :  16 17
16   18   99.6637534  :  16 17 18
16   19   110.24318060000002  :  16 17 19
16   20   123.66465500000001  :  16 17 19 20
16   21   187.0038596  :  16 17 19 20 21
16   27   233.087787  :  16 17 19 20 21 27
16   28   373.5793776  :  16 17 19 20 21 27 28
16   29   882.7621417999999  :  16 17 19 20 21 27 28 29
16   30   1063.6478934  :  16 17 19 20 21 27 28 29 30
16   31   1075.5096793  :  16 17 19 20 21 27 28 29 30 31
16   32   1162.7381354  :  16 17 19 20 21 27 28 29 30 31 32
16   34   1196.7528427  :  16 17 19 20 21 27 28 29 30 31 32 34
16   35   1266.4682069  :  16 17 19 20 21 27 28 29 30 31 32 34 35
16   36   1301.1627667  :  16 17 19 20 21 27 28 29 30 31 32 34 35 36
16   37   1331.202896  :  16 17 19 20 21 27 28 29 30 31 32 34 35 36 37
16   38   1347.2858608  :  16 17 19 20 21 27 28 29 30 31 32 34 35 36 37 38
16   39   1379.9529994999998  :  16 17 19 20 21 27 28 29 30 31 32 34 35 36 37 38 39
16   40   1408.8734647999997  :  16 17 19 20 21 27 28 29 30 31 32 34 35 36 37 38 39 40
16   41   1131.6865881  :  16 17 19 20 21 27 28 29 30 31 41
16   42   1154.9938701  :  16 17 19 20 21 27 28 29 30 31 41 42
16   43   1226.297513  :  16 17 19 20 21 27 28 29 30 31 41 42 43
16   44   1276.9728532  :  16 17 19 20 21 27 28 29 30 31 41 42 43 44
16   45   1417.0118338999998  :  16 17 19 20 21 27 28 29 30 31 41 42 43 44 45
16   46   1461.5463357999997  :  16 17 19 20 21 27 28 29 30 31 41 42 43 44 45 46
16   49   1510.3438113999998  :  16 17 19 20 21 27 28 29 30 31 41 42 43 44 45 46 49
16   50   1517.1583425  :  16 17 19 20 21 27 28 29 30 31 41 42 43 44 45 46 49 50
16   51   1528.6745466  :  16 17 19 20 21 27 28 29 30 31 41 42 43 44 45 46 49 50 51
16   52   1552.2439881  :  16 17 19 20 21 27 28 29 30 31 41 42 43 44 45 46 49 50 51 52
16   53   1577.6250494  :  16 17 19 20 21 27 28 29 30 31 41 42 43 44 45 46 49 50 51 52 53
16   54   1304.5709669  :  16 17 19 20 21 27 28 29 30 31 32 34 35 54
16   58   1532.1600388999998  :  16 17 19 20 21 27 28 29 30 31 41 42 43 44 45 58
17   18   21.6258517  :  17 18
17   19   32.2052789  :  17 19
17   20   45.626753300000004  :  17 19 20
17   21   108.9659579  :  17 19 20 21
17   27   155.0498853  :  17 19 20 21 27
17   28   295.5414759  :  17 19 20 21 27 28
17   29   804.7242401  :  17 19 20 21 27 28 29
17   30   985.6099916999999  :  17 19 20 21 27 28 29 30
17   31   997.4717775999999  :  17 19 20 21 27 28 29 30 31
17   32   1084.7002337  :  17 19 20 21 27 28 29 30 31 32
17   34   1118.714941  :  17 19 20 21 27 28 29 30 31 32 34
17   35   1188.4303052  :  17 19 20 21 27 28 29 30 31 32 34 35
17   36   1223.124865  :  17 19 20 21 27 28 29 30 31 32 34 35 36
17   37   1253.1649943  :  17 19 20 21 27 28 29 30 31 32 34 35 36 37
17   38   1269.2479591  :  17 19 20 21 27 28 29 30 31 32 34 35 36 37 38
17   39   1301.9150977999998  :  17 19 20 21 27 28 29 30 31 32 34 35 36 37 38 39
17   40   1330.8355630999997  :  17 19 20 21 27 28 29 30 31 32 34 35 36 37 38 39 40
17   41   1053.6486863999999  :  17 19 20 21 27 28 29 30 31 41
17   42   1076.9559683999998  :  17 19 20 21 27 28 29 30 31 41 42
17   43   1148.2596113  :  17 19 20 21 27 28 29 30 31 41 42 43
17   44   1198.9349515  :  17 19 20 21 27 28 29 30 31 41 42 43 44
17   45   1338.9739321999998  :  17 19 20 21 27 28 29 30 31 41 42 43 44 45
17   46   1383.5084340999997  :  17 19 20 21 27 28 29 30 31 41 42 43 44 45 46
17   49   1432.3059096999998  :  17 19 20 21 27 28 29 30 31 41 42 43 44 45 46 49
17   50   1439.1204407999999  :  17 19 20 21 27 28 29 30 31 41 42 43 44 45 46 49 50
17   51   1450.6366449  :  17 19 20 21 27 28 29 30 31 41 42 43 44 45 46 49 50 51
17   52   1474.2060864  :  17 19 20 21 27 28 29 30 31 41 42 43 44 45 46 49 50 51 52
17   53   1499.5871477  :  17 19 20 21 27 28 29 30 31 41 42 43 44 45 46 49 50 51 52 53
17   54   1226.5330652  :  17 19 20 21 27 28 29 30 31 32 34 35 54
17   58   1454.1221371999998  :  17 19 20 21 27 28 29 30 31 41 42 43 44 45 58
19   20   13.4214744  :  19 20
19   21   76.760679  :  19 20 21
19   27   122.8446064  :  19 20 21 27
19   28   263.33619699999997  :  19 20 21 27 28
19   29   772.5189611999999  :  19 20 21 27 28 29
19   30   953.4047128  :  19 20 21 27 28 29 30
19   31   965.2664986999999  :  19 20 21 27 28 29 30 31
19   32   1052.4949548  :  19 20 21 27 28 29 30 31 32
19   34   1086.5096621  :  19 20 21 27 28 29 30 31 32 34
19   35   1156.2250263  :  19 20 21 27 28 29 30 31 32 34 35
19   36   1190.9195861  :  19 20 21 27 28 29 30 31 32 34 35 36
19   37   1220.9597154  :  19 20 21 27 28 29 30 31 32 34 35 36 37
19   38   1237.0426802  :  19 20 21 27 28 29 30 31 32 34 35 36 37 38
19   39   1269.7098188999998  :  19 20 21 27 28 29 30 31 32 34 35 36 37 38 39
19   40   1298.6302841999998  :  19 20 21 27 28 29 30 31 32 34 35 36 37 38 39 40
19   41   1021.4434074999999  :  19 20 21 27 28 29 30 31 41
19   42   1044.7506895  :  19 20 21 27 28 29 30 31 41 42
19   43   1116.0543324  :  19 20 21 27 28 29 30 31 41 42 43
19   44   1166.7296726  :  19 20 21 27 28 29 30 31 41 42 43 44
19   45   1306.7686532999999  :  19 20 21 27 28 29 30 31 41 42 43 44 45
19   46   1351.3031551999998  :  19 20 21 27 28 29 30 31 41 42 43 44 45 46
19   49   1400.1006307999999  :  19 20 21 27 28 29 30 31 41 42 43 44 45 46 49
19   50   1406.9151619  :  19 20 21 27 28 29 30 31 41 42 43 44 45 46 49 50
19   51   1418.431366  :  19 20 21 27 28 29 30 31 41 42 43 44 45 46 49 50 51
19   52   1442.0008075  :  19 20 21 27 28 29 30 31 41 42 43 44 45 46 49 50 51 52
19   53   1467.3818688000001  :  19 20 21 27 28 29 30 31 41 42 43 44 45 46 49 50 51 52 53
19   54   1194.3277863  :  19 20 21 27 28 29 30 31 32 34 35 54
19   58   1421.9168582999998  :  19 20 21 27 28 29 30 31 41 42 43 44 45 58
20   21   63.339204599999995  :  20 21
20   27   109.423132  :  20 21 27
20   28   249.9147226  :  20 21 27 28
20   29   759.0974868  :  20 21 27 28 29
20   30   939.9832383999999  :  20 21 27 28 29 30
20   31   951.8450242999999  :  20 21 27 28 29 30 31
20   32   1039.0734803999999  :  20 21 27 28 29 30 31 32
20   34   1073.0881877  :  20 21 27 28 29 30 31 32 34
20   35   1142.8035519  :  20 21 27 28 29 30 31 32 34 35
20   36   1177.4981117  :  20 21 27 28 29 30 31 32 34 35 36
20   37   1207.538241  :  20 21 27 28 29 30 31 32 34 35 36 37
20   38   1223.6212057999999  :  20 21 27 28 29 30 31 32 34 35 36 37 38
20   39   1256.2883444999998  :  20 21 27 28 29 30 31 32 34 35 36 37 38 39
20   40   1285.2088097999997  :  20 21 27 28 29 30 31 32 34 35 36 37 38 39 40
20   41   1008.0219330999998  :  20 21 27 28 29 30 31 41
20   42   1031.3292150999998  :  20 21 27 28 29 30 31 41 42
20   43   1102.632858  :  20 21 27 28 29 30 31 41 42 43
20   44   1153.3081981999999  :  20 21 27 28 29 30 31 41 42 43 44
20   45   1293.3471788999998  :  20 21 27 28 29 30 31 41 42 43 44 45
20   46   1337.8816807999997  :  20 21 27 28 29 30 31 41 42 43 44 45 46
20   49   1386.6791563999998  :  20 21 27 28 29 30 31 41 42 43 44 45 46 49
20   50   1393.4936874999999  :  20 21 27 28 29 30 31 41 42 43 44 45 46 49 50
20   51   1405.0098916  :  20 21 27 28 29 30 31 41 42 43 44 45 46 49 50 51
20   52   1428.5793331  :  20 21 27 28 29 30 31 41 42 43 44 45 46 49 50 51 52
20   53   1453.9603944  :  20 21 27 28 29 30 31 41 42 43 44 45 46 49 50 51 52 53
20   54   1180.9063119  :  20 21 27 28 29 30 31 32 34 35 54
20   58   1408.4953838999998  :  20 21 27 28 29 30 31 41 42 43 44 45 58
21   27   46.0839274  :  21 27
21   28   186.575518  :  21 27 28
21   29   695.7582821999999  :  21 27 28 29
21   30   876.6440338  :  21 27 28 29 30
21   31   888.5058197  :  21 27 28 29 30 31
21   32   975.7342758  :  21 27 28 29 30 31 32
21   34   1009.7489831  :  21 27 28 29 30 31 32 34
21   35   1079.4643473  :  21 27 28 29 30 31 32 34 35
21   36   1114.1589071  :  21 27 28 29 30 31 32 34 35 36
21   37   1144.1990364  :  21 27 28 29 30 31 32 34 35 36 37
21   38   1160.2820012  :  21 27 28 29 30 31 32 34 35 36 37 38
21   39   1192.9491398999999  :  21 27 28 29 30 31 32 34 35 36 37 38 39
21   40   1221.8696051999998  :  21 27 28 29 30 31 32 34 35 36 37 38 39 40
21   41   944.6827284999999  :  21 27 28 29 30 31 41
21   42   967.9900104999999  :  21 27 28 29 30 31 41 42
21   43   1039.2936534  :  21 27 28 29 30 31 41 42 43
21   44   1089.9689936  :  21 27 28 29 30 31 41 42 43 44
21   45   1230.0079743  :  21 27 28 29 30 31 41 42 43 44 45
21   46   1274.5424761999998  :  21 27 28 29 30 31 41 42 43 44 45 46
21   49   1323.3399517999999  :  21 27 28 29 30 31 41 42 43 44 45 46 49
21   50   1330.1544829  :  21 27 28 29 30 31 41 42 43 44 45 46 49 50
21   51   1341.670687  :  21 27 28 29 30 31 41 42 43 44 45 46 49 50 51
21   52   1365.2401285  :  21 27 28 29 30 31 41 42 43 44 45 46 49 50 51 52
21   53   1390.6211898000001  :  21 27 28 29 30 31 41 42 43 44 45 46 49 50 51 52 53
21   54   1117.5671073  :  21 27 28 29 30 31 32 34 35 54
21   58   1345.1561792999998  :  21 27 28 29 30 31 41 42 43 44 45 58
22   23   5.812541100000001  :  22 23
22   26   48.7224058  :  22 26
22   27   52.4595796  :  22 26 27
22   28   192.95117019999998  :  22 26 27 28
22   29   702.1339343999999  :  22 26 27 28 29
22   30   883.0196859999999  :  22 26 27 28 29 30
22   31   894.8814718999998  :  22 26 27 28 29 30 31
22   32   982.1099279999999  :  22 26 27 28 29 30 31 32
22   34   1016.1246352999999  :  22 26 27 28 29 30 31 32 34
22   35   1085.8399995  :  22 26 27 28 29 30 31 32 34 35
22   36   1120.5345593  :  22 26 27 28 29 30 31 32 34 35 36
22   37   1150.5746886  :  22 26 27 28 29 30 31 32 34 35 36 37
22   38   1166.6576533999998  :  22 26 27 28 29 30 31 32 34 35 36 37 38
22   39   1199.3247920999997  :  22 26 27 28 29 30 31 32 34 35 36 37 38 39
22   40   1228.2452573999997  :  22 26 27 28 29 30 31 32 34 35 36 37 38 39 40
22   41   951.0583806999998  :  22 26 27 28 29 30 31 41
22   42   974.3656626999998  :  22 26 27 28 29 30 31 41 42
22   43   1045.6693056  :  22 26 27 28 29 30 31 41 42 43
22   44   1096.3446457999999  :  22 26 27 28 29 30 31 41 42 43 44
22   45   1236.3836264999998  :  22 26 27 28 29 30 31 41 42 43 44 45
22   46   1280.9181283999997  :  22 26 27 28 29 30 31 41 42 43 44 45 46
22   49   1329.7156039999998  :  22 26 27 28 29 30 31 41 42 43 44 45 46 49
22   50   1336.5301350999998  :  22 26 27 28 29 30 31 41 42 43 44 45 46 49 50
22   51   1348.0463392  :  22 26 27 28 29 30 31 41 42 43 44 45 46 49 50 51
22   52   1371.6157807  :  22 26 27 28 29 30 31 41 42 43 44 45 46 49 50 51 52
22   53   1396.996842  :  22 26 27 28 29 30 31 41 42 43 44 45 46 49 50 51 52 53
22   54   1123.9427595  :  22 26 27 28 29 30 31 32 34 35 54
22   58   160.1923213  :  22 26 58
22   59   32.212462099999996  :  22 23 59
22   60   41.2219446  :  22 23 59 60
22   61   50.8710362  :  22 23 59 60 61
22   62   72.9172281  :  22 23 59 60 61 62
23   59   26.399921  :  23 59
23   60   35.409403499999996  :  23 59 60
23   61   45.058495099999995  :  23 59 60 61
23   62   67.104687  :  23 59 60 61 62
24   25   3.3608915  :  24 25
24   27   234.3283679  :  24 25 6 7 20 21 27
24   28   374.8199585  :  24 25 6 7 20 21 27 28
24   29   250.27275629999997  :  24 25 6 7 8 9 11 14 15 29
24   30   431.15850789999996  :  24 25 6 7 8 9 11 14 15 29 30
24   31   443.0202938  :  24 25 6 7 8 9 11 14 15 29 30 31
24   32   530.2487499  :  24 25 6 7 8 9 11 14 15 29 30 31 32
24   33   187.51419919999998  :  24 25 6 7 8 9 11 12 33
24   34   564.2634572000001  :  24 25 6 7 8 9 11 14 15 29 30 31 32 34
24   35   633.9788214  :  24 25 6 7 8 9 11 14 15 29 30 31 32 34 35
24   36   668.6733812  :  24 25 6 7 8 9 11 14 15 29 30 31 32 34 35 36
24   37   698.7135105  :  24 25 6 7 8 9 11 14 15 29 30 31 32 34 35 36 37
24   38   714.7964753  :  24 25 6 7 8 9 11 14 15 29 30 31 32 34 35 36 37 38
24   39   747.463614  :  24 25 6 7 8 9 11 14 15 29 30 31 32 34 35 36 37 38 39
24   40   776.3840793  :  24 25 6 7 8 9 11 14 15 29 30 31 32 34 35 36 37 38 39 40
24   41   499.19720259999997  :  24 25 6 7 8 9 11 14 15 29 30 31 41
24   42   522.5044846  :  24 25 6 7 8 9 11 14 15 29 30 31 41 42
24   43   593.8081275  :  24 25 6 7 8 9 11 14 15 29 30 31 41 42 43
24   44   644.4834677  :  24 25 6 7 8 9 11 14 15 29 30 31 41 42 43 44
24   45   784.5224484  :  24 25 6 7 8 9 11 14 15 29 30 31 41 42 43 44 45
24   46   829.0569503  :  24 25 6 7 8 9 11 14 15 29 30 31 41 42 43 44 45 46
24   47   62.5804865  :  24 47
24   49   877.8544259  :  24 25 6 7 8 9 11 14 15 29 30 31 41 42 43 44 45 46 49
24   50   884.668957  :  24 25 6 7 8 9 11 14 15 29 30 31 41 42 43 44 45 46 49 50
24   51   896.1851611  :  24 25 6 7 8 9 11 14 15 29 30 31 41 42 43 44 45 46 49 50 51
24   52   919.7546026  :  24 25 6 7 8 9 11 14 15 29 30 31 41 42 43 44 45 46 49 50 51 52
24   53   945.1356639  :  24 25 6 7 8 9 11 14 15 29 30 31 41 42 43 44 45 46 49 50 51 52 53
24   54   672.0815814  :  24 25 6 7 8 9 11 14 15 29 30 31 32 34 35 54
24   58   899.6706534  :  24 25 6 7 8 9 11 14 15 29 30 31 41 42 43 44 45 58
25   27   230.96747639999998  :  25 6 7 20 21 27
25   28   371.459067  :  25 6 7 20 21 27 28
25   29   246.9118648  :  25 6 7 8 9 11 14 15 29
25   30   427.7976164  :  25 6 7 8 9 11 14 15 29 30
25   31   439.6594023  :  25 6 7 8 9 11 14 15 29 30 31
25   32   526.8878584  :  25 6 7 8 9 11 14 15 29 30 31 32
25   33   184.15330769999997  :  25 6 7 8 9 11 12 33
25   34   560.9025657000001  :  25 6 7 8 9 11 14 15 29 30 31 32 34
25   35   630.6179299  :  25 6 7 8 9 11 14 15 29 30 31 32 34 35
25   36   665.3124897  :  25 6 7 8 9 11 14 15 29 30 31 32 34 35 36
25   37   695.352619  :  25 6 7 8 9 11 14 15 29 30 31 32 34 35 36 37
25   38   711.4355838  :  25 6 7 8 9 11 14 15 29 30 31 32 34 35 36 37 38
25   39   744.1027225  :  25 6 7 8 9 11 14 15 29 30 31 32 34 35 36 37 38 39
25   40   773.0231878000001  :  25 6 7 8 9 11 14 15 29 30 31 32 34 35 36 37 38 39 40
25   41   495.8363111  :  25 6 7 8 9 11 14 15 29 30 31 41
25   42   519.1435931  :  25 6 7 8 9 11 14 15 29 30 31 41 42
25   43   590.447236  :  25 6 7 8 9 11 14 15 29 30 31 41 42 43
25   44   641.1225762  :  25 6 7 8 9 11 14 15 29 30 31 41 42 43 44
25   45   781.1615569  :  25 6 7 8 9 11 14 15 29 30 31 41 42 43 44 45
25   46   825.6960588000001  :  25 6 7 8 9 11 14 15 29 30 31 41 42 43 44 45 46
25   49   874.4935344  :  25 6 7 8 9 11 14 15 29 30 31 41 42 43 44 45 46 49
25   50   881.3080655  :  25 6 7 8 9 11 14 15 29 30 31 41 42 43 44 45 46 49 50
25   51   892.8242696  :  25 6 7 8 9 11 14 15 29 30 31 41 42 43 44 45 46 49 50 51
25   52   916.3937111  :  25 6 7 8 9 11 14 15 29 30 31 41 42 43 44 45 46 49 50 51 52
25   53   941.7747724000001  :  25 6 7 8 9 11 14 15 29 30 31 41 42 43 44 45 46 49 50 51 52 53
25   54   668.7206899  :  25 6 7 8 9 11 14 15 29 30 31 32 34 35 54
25   58   896.3097619  :  25 6 7 8 9 11 14 15 29 30 31 41 42 43 44 45 58
26   27   3.7371738  :  26 27
26   28   144.2287644  :  26 27 28
26   29   653.4115285999999  :  26 27 28 29
26   30   834.2972801999999  :  26 27 28 29 30
26   31   846.1590660999999  :  26 27 28 29 30 31
26   32   933.3875221999999  :  26 27 28 29 30 31 32
26   34   967.4022295  :  26 27 28 29 30 31 32 34
26   35   1037.1175937  :  26 27 28 29 30 31 32 34 35
26   36   1071.8121535  :  26 27 28 29 30 31 32 34 35 36
26   37   1101.8522828  :  26 27 28 29 30 31 32 34 35 36 37
26   38   1117.9352476  :  26 27 28 29 30 31 32 34 35 36 37 38
26   39   1150.6023862999998  :  26 27 28 29 30 31 32 34 35 36 37 38 39
26   40   1179.5228515999997  :  26 27 28 29 30 31 32 34 35 36 37 38 39 40
26   41   902.3359748999999  :  26 27 28 29 30 31 41
26   42   925.6432568999999  :  26 27 28 29 30 31 41 42
26   43   996.9468997999999  :  26 27 28 29 30 31 41 42 43
26   44   1047.62224  :  26 27 28 29 30 31 41 42 43 44
26   45   1187.6612206999998  :  26 27 28 29 30 31 41 42 43 44 45
26   46   1232.1957225999997  :  26 27 28 29 30 31 41 42 43 44 45 46
26   49   1280.9931981999998  :  26 27 28 29 30 31 41 42 43 44 45 46 49
26   50   1287.8077293  :  26 27 28 29 30 31 41 42 43 44 45 46 49 50
26   51   1299.3239334  :  26 27 28 29 30 31 41 42 43 44 45 46 49 50 51
26   52   1322.8933749  :  26 27 28 29 30 31 41 42 43 44 45 46 49 50 51 52
26   53   1348.2744362  :  26 27 28 29 30 31 41 42 43 44 45 46 49 50 51 52 53
26   54   1075.2203537  :  26 27 28 29 30 31 32 34 35 54
26   58   111.4699155  :  26 58
27   28   140.4915906  :  27 28
27   29   649.6743548  :  27 28 29
27   30   830.5601064  :  27 28 29 30
27   31   842.4218923  :  27 28 29 30 31
27   32   929.6503484  :  27 28 29 30 31 32
27   34   963.6650557  :  27 28 29 30 31 32 34
27   35   1033.3804199  :  27 28 29 30 31 32 34 35
27   36   1068.0749797  :  27 28 29 30 31 32 34 35 36
27   37   1098.115109  :  27 28 29 30 31 32 34 35 36 37
27   38   1114.1980738  :  27 28 29 30 31 32 34 35 36 37 38
27   39   1146.8652124999999  :  27 28 29 30 31 32 34 35 36 37 38 39
27   40   1175.7856777999998  :  27 28 29 30 31 32 34 35 36 37 38 39 40
27   41   898.5988011  :  27 28 29 30 31 41
27   42   921.9060830999999  :  27 28 29 30 31 41 42
27   43   993.2097259999999  :  27 28 29 30 31 41 42 43
27   44   1043.8850662  :  27 28 29 30 31 41 42 43 44
27   45   1183.9240469  :  27 28 29 30 31 41 42 43 44 45
27   46   1228.4585487999998  :  27 28 29 30 31 41 42 43 44 45 46
27   49   1277.2560244  :  27 28 29 30 31 41 42 43 44 45 46 49
27   50   1284.0705555  :  27 28 29 30 31 41 42 43 44 45 46 49 50
27   51   1295.5867596  :  27 28 29 30 31 41 42 43 44 45 46 49 50 51
27   52   1319.1562011  :  27 28 29 30 31 41 42 43 44 45 46 49 50 51 52
27   53   1344.5372624000001  :  27 28 29 30 31 41 42 43 44 45 46 49 50 51 52 53
27   54   1071.4831799  :  27 28 29 30 31 32 34 35 54
27   58   1299.0722518999999  :  27 28 29 30 31 41 42 43 44 45 58
28   29   509.18276419999995  :  28 29
28   30   690.0685157999999  :  28 29 30
28   31   701.9303016999999  :  28 29 30 31
28   32   789.1587577999999  :  28 29 30 31 32
28   34   823.1734650999999  :  28 29 30 31 32 34
28   35   892.8888292999999  :  28 29 30 31 32 34 35
28   36   927.5833890999999  :  28 29 30 31 32 34 35 36
28   37   957.6235183999999  :  28 29 30 31 32 34 35 36 37
28   38   973.7064831999999  :  28 29 30 31 32 34 35 36 37 38
28   39   1006.3736218999999  :  28 29 30 31 32 34 35 36 37 38 39
28   40   1035.2940872  :  28 29 30 31 32 34 35 36 37 38 39 40
28   41   758.1072104999998  :  28 29 30 31 41
28   42   781.4144924999998  :  28 29 30 31 41 42
28   43   852.7181353999998  :  28 29 30 31 41 42 43
28   44   903.3934755999999  :  28 29 30 31 41 42 43 44
28   45   1043.4324562999998  :  28 29 30 31 41 42 43 44 45
28   46   1087.9669581999997  :  28 29 30 31 41 42 43 44 45 46
28   49   1136.7644337999998  :  28 29 30 31 41 42 43 44 45 46 49
28   50   1143.5789648999998  :  28 29 30 31 41 42 43 44 45 46 49 50
28   51   1155.095169  :  28 29 30 31 41 42 43 44 45 46 49 50 51
28   52   1178.6646105  :  28 29 30 31 41 42 43 44 45 46 49 50 51 52
28   53   1204.0456718  :  28 29 30 31 41 42 43 44 45 46 49 50 51 52 53
28   54   930.9915892999999  :  28 29 30 31 32 34 35 54
28   58   1158.5806612999997  :  28 29 30 31 41 42 43 44 45 58
29   30   180.8857516  :  29 30
29   31   192.7475375  :  29 30 31
29   32   279.9759936  :  29 30 31 32
29   34   313.9907009  :  29 30 31 32 34
29   35   383.7060651  :  29 30 31 32 34 35
29   36   418.40062489999997  :  29 30 31 32 34 35 36
29   37   448.44075419999996  :  29 30 31 32 34 35 36 37
29   38   464.52371899999997  :  29 30 31 32 34 35 36 37 38
29   39   497.1908577  :  29 30 31 32 34 35 36 37 38 39
29   40   526.111323  :  29 30 31 32 34 35 36 37 38 39 40
29   41   248.9244463  :  29 30 31 41
29   42   272.2317283  :  29 30 31 41 42
29   43   343.5353712  :  29 30 31 41 42 43
29   44   394.2107114  :  29 30 31 41 42 43 44
29   45   534.2496921  :  29 30 31 41 42 43 44 45
29   46   578.784194  :  29 30 31 41 42 43 44 45 46
29   49   627.5816695999999  :  29 30 31 41 42 43 44 45 46 49
29   50   634.3962006999999  :  29 30 31 41 42 43 44 45 46 49 50
29   51   645.9124047999999  :  29 30 31 41 42 43 44 45 46 49 50 51
29   52   669.4818462999999  :  29 30 31 41 42 43 44 45 46 49 50 51 52
29   53   694.8629076  :  29 30 31 41 42 43 44 45 46 49 50 51 52 53
29   54   421.80882510000004  :  29 30 31 32 34 35 54
29   58   649.3978970999999  :  29 30 31 41 42 43 44 45 58
30   31   11.861785900000001  :  30 31
30   32   99.090242  :  30 31 32
30   34   133.10494930000002  :  30 31 32 34
30   35   202.8203135  :  30 31 32 34 35
30   36   237.5148733  :  30 31 32 34 35 36
30   37   267.5550026  :  30 31 32 34 35 36 37
30   38   283.63796740000004  :  30 31 32 34 35 36 37 38
30   39   316.30510610000005  :  30 31 32 34 35 36 37 38 39
30   40   345.22557140000004  :  30 31 32 34 35 36 37 38 39 40
30   41   68.03869470000001  :  30 31 41
30   42   91.34597670000001  :  30 31 41 42
30   43   162.6496196  :  30 31 41 42 43
30   44   213.3249598  :  30 31 41 42 43 44
30   45   353.3639405  :  30 31 41 42 43 44 45
30   46   397.8984424  :  30 31 41 42 43 44 45 46
30   49   446.695918  :  30 31 41 42 43 44 45 46 49
30   50   453.5104491  :  30 31 41 42 43 44 45 46 49 50
30   51   465.0266532  :  30 31 41 42 43 44 45 46 49 50 51
30   52   488.5960947  :  30 31 41 42 43 44 45 46 49 50 51 52
30   53   513.977156  :  30 31 41 42 43 44 45 46 49 50 51 52 53
30   54   240.9230735  :  30 31 32 34 35 54
30   58   468.51214550000003  :  30 31 41 42 43 44 45 58
31   32   87.2284561  :  31 32
31   34   121.24316340000001  :  31 32 34
31   35   190.95852760000002  :  31 32 34 35
31   36   225.65308740000003  :  31 32 34 35 36
31   37   255.69321670000002  :  31 32 34 35 36 37
31   38   271.7761815  :  31 32 34 35 36 37 38
31   39   304.4433202  :  31 32 34 35 36 37 38 39
31   40   333.3637855  :  31 32 34 35 36 37 38 39 40
31   41   56.1769088  :  31 41
31   42   79.4841908  :  31 41 42
31   43   150.7878337  :  31 41 42 43
31   44   201.4631739  :  31 41 42 43 44
31   45   341.5021546  :  31 41 42 43 44 45
31   46   386.0366565  :  31 41 42 43 44 45 46
31   49   434.8341321  :  31 41 42 43 44 45 46 49
31   50   441.6486632  :  31 41 42 43 44 45 46 49 50
31   51   453.16486729999997  :  31 41 42 43 44 45 46 49 50 51
31   52   476.73430879999995  :  31 41 42 43 44 45 46 49 50 51 52
31   53   502.11537009999995  :  31 41 42 43 44 45 46 49 50 51 52 53
31   54   229.0612876  :  31 32 34 35 54
31   58   456.6503596  :  31 41 42 43 44 45 58
32   34   34.014707300000005  :  32 34
32   35   103.73007150000001  :  32 34 35
32   36   138.42463130000002  :  32 34 35 36
32   37   168.4647606  :  32 34 35 36 37
32   38   184.5477254  :  32 34 35 36 37 38
32   39   217.2148641  :  32 34 35 36 37 38 39
32   40   246.1353294  :  32 34 35 36 37 38 39 40
32   41   273.37429069999996  :  32 34 35 36 37 38 39 40 41
32   42   296.68157269999995  :  32 34 35 36 37 38 39 40 41 42
32   43   367.98521559999995  :  32 34 35 36 37 38 39 40 41 42 43
32   44   418.66055579999994  :  32 34 35 36 37 38 39 40 41 42 43 44
32   45   558.6995364999999  :  32 34 35 36 37 38 39 40 41 42 43 44 45
32   46   603.2340383999999  :  32 34 35 36 37 38 39 40 41 42 43 44 45 46
32   49   652.0315139999999  :  32 34 35 36 37 38 39 40 41 42 43 44 45 46 49
32   50   658.8460450999999  :  32 34 35 36 37 38 39 40 41 42 43 44 45 46 49 50
32   51   670.3622491999998  :  32 34 35 36 37 38 39 40 41 42 43 44 45 46 49 50 51
32   52   693.9316906999999  :  32 34 35 36 37 38 39 40 41 42 43 44 45 46 49 50 51 52
32   53   719.3127519999999  :  32 34 35 36 37 38 39 40 41 42 43 44 45 46 49 50 51 52 53
32   54   141.8328315  :  32 34 35 54
32   58   673.8477414999999  :  32 34 35 36 37 38 39 40 41 42 43 44 45 58
34   35   69.7153642  :  34 35
34   36   104.40992399999999  :  34 35 36
34   37   134.45005329999998  :  34 35 36 37
34   38   150.5330181  :  34 35 36 37 38
34   39   183.2001568  :  34 35 36 37 38 39
34   40   212.1206221  :  34 35 36 37 38 39 40
34   41   239.3595834  :  34 35 36 37 38 39 40 41
34   42   262.6668654  :  34 35 36 37 38 39 40 41 42
34   43   333.9705083  :  34 35 36 37 38 39 40 41 42 43
34   44   384.6458485  :  34 35 36 37 38 39 40 41 42 43 44
34   45   524.6848292  :  34 35 36 37 38 39 40 41 42 43 44 45
34   46   569.2193311  :  34 35 36 37 38 39 40 41 42 43 44 45 46
34   49   618.0168067  :  34 35 36 37 38 39 40 41 42 43 44 45 46 49
34   50   624.8313377999999  :  34 35 36 37 38 39 40 41 42 43 44 45 46 49 50
34   51   636.3475418999999  :  34 35 36 37 38 39 40 41 42 43 44 45 46 49 50 51
34   52   659.9169833999999  :  34 35 36 37 38 39 40 41 42 43 44 45 46 49 50 51 52
34   53   685.2980447  :  34 35 36 37 38 39 40 41 42 43 44 45 46 49 50 51 52 53
34   54   107.8181242  :  34 35 54
34   58   639.8330341999999  :  34 35 36 37 38 39 40 41 42 43 44 45 58
35   36   34.6945598  :  35 36
35   37   64.7346891  :  35 36 37
35   38   80.8176539  :  35 36 37 38
35   39   113.48479259999999  :  35 36 37 38 39
35   40   142.40525789999998  :  35 36 37 38 39 40
35   41   169.64421919999998  :  35 36 37 38 39 40 41
35   42   192.9515012  :  35 36 37 38 39 40 41 42
35   43   264.2551441  :  35 36 37 38 39 40 41 42 43
35   44   314.9304843  :  35 36 37 38 39 40 41 42 43 44
35   45   454.969465  :  35 36 37 38 39 40 41 42 43 44 45
35   46   499.5039669  :  35 36 37 38 39 40 41 42 43 44 45 46
35   49   548.3014425  :  35 36 37 38 39 40 41 42 43 44 45 46 49
35   50   555.1159736  :  35 36 37 38 39 40 41 42 43 44 45 46 49 50
35   51   566.6321776999999  :  35 36 37 38 39 40 41 42 43 44 45 46 49 50 51
35   52   590.2016192  :  35 36 37 38 39 40 41 42 43 44 45 46 49 50 51 52
35   53   615.5826805  :  35 36 37 38 39 40 41 42 43 44 45 46 49 50 51 52 53
35   54   38.102759999999996  :  35 54
35   58   570.11767  :  35 36 37 38 39 40 41 42 43 44 45 58
36   37   30.0401293  :  36 37
36   38   46.1230941  :  36 37 38
36   39   78.79023280000001  :  36 37 38 39
36   40   107.71069810000002  :  36 37 38 39 40
36   41   134.94965940000003  :  36 37 38 39 40 41
36   42   158.25694140000002  :  36 37 38 39 40 41 42
36   43   229.56058430000002  :  36 37 38 39 40 41 42 43
36   44   280.2359245  :  36 37 38 39 40 41 42 43 44
36   45   420.27490520000003  :  36 37 38 39 40 41 42 43 44 45
36   46   464.80940710000004  :  36 37 38 39 40 41 42 43 44 45 46
36   49   513.6068827  :  36 37 38 39 40 41 42 43 44 45 46 49
36   50   520.4214138  :  36 37 38 39 40 41 42 43 44 45 46 49 50
36   51   531.9376179  :  36 37 38 39 40 41 42 43 44 45 46 49 50 51
36   52   555.5070594  :  36 37 38 39 40 41 42 43 44 45 46 49 50 51 52
36   53   580.8881207000001  :  36 37 38 39 40 41 42 43 44 45 46 49 50 51 52 53
36   58   535.4231102  :  36 37 38 39 40 41 42 43 44 45 58
37   38   16.0829648  :  37 38
37   39   48.7501035  :  37 38 39
37   40   77.6705688  :  37 38 39 40
37   41   104.9095301  :  37 38 39 40 41
37   42   128.2168121  :  37 38 39 40 41 42
37   43   199.520455  :  37 38 39 40 41 42 43
37   44   250.1957952  :  37 38 39 40 41 42 43 44
37   45   390.2347759  :  37 38 39 40 41 42 43 44 45
37   46   434.7692778  :  37 38 39 40 41 42 43 44 45 46
37   49   483.5667534  :  37 38 39 40 41 42 43 44 45 46 49
37   50   490.3812845  :  37 38 39 40 41 42 43 44 45 46 49 50
37   51   501.8974886  :  37 38 39 40 41 42 43 44 45 46 49 50 51
37   52   525.4669301  :  37 38 39 40 41 42 43 44 45 46 49 50 51 52
37   53   550.8479914000001  :  37 38 39 40 41 42 43 44 45 46 49 50 51 52 53
37   58   505.3829809  :  37 38 39 40 41 42 43 44 45 58
38   39   32.6671387  :  38 39
38   40   61.587604  :  38 39 40
38   41   88.8265653  :  38 39 40 41
38   42   112.1338473  :  38 39 40 41 42
38   43   183.4374902  :  38 39 40 41 42 43
38   44   234.1128304  :  38 39 40 41 42 43 44
38   45   374.15181110000003  :  38 39 40 41 42 43 44 45
38   46   418.68631300000004  :  38 39 40 41 42 43 44 45 46
38   49   467.4837886  :  38 39 40 41 42 43 44 45 46 49
38   50   474.29831970000004  :  38 39 40 41 42 43 44 45 46 49 50
38   51   485.8145238  :  38 39 40 41 42 43 44 45 46 49 50 51
38   52   509.3839653  :  38 39 40 41 42 43 44 45 46 49 50 51 52
38   53   534.7650266  :  38 39 40 41 42 43 44 45 46 49 50 51 52 53
38   58   489.30001610000005  :  38 39 40 41 42 43 44 45 58
39   40   28.9204653  :  39 40
39   41   56.1594266  :  39 40 41
39   42   79.4667086  :  39 40 41 42
39   43   150.7703515  :  39 40 41 42 43
39   44   201.4456917  :  39 40 41 42 43 44
39   45   341.4846724  :  39 40 41 42 43 44 45
39   46   386.01917430000003  :  39 40 41 42 43 44 45 46
39   49   434.8166499  :  39 40 41 42 43 44 45 46 49
39   50   441.631181  :  39 40 41 42 43 44 45 46 49 50
39   51   453.1473851  :  39 40 41 42 43 44 45 46 49 50 51
39   52   476.7168266  :  39 40 41 42 43 44 45 46 49 50 51 52
39   53   502.0978879  :  39 40 41 42 43 44 45 46 49 50 51 52 53
39   58   456.63287740000004  :  39 40 41 42 43 44 45 58
40   41   27.2389613  :  40 41
40   42   50.5462433  :  40 41 42
40   43   121.8498862  :  40 41 42 43
40   44   172.5252264  :  40 41 42 43 44
40   45   312.5642071  :  40 41 42 43 44 45
40   46   357.098709  :  40 41 42 43 44 45 46
40   49   405.89618459999997  :  40 41 42 43 44 45 46 49
40   50   412.7107157  :  40 41 42 43 44 45 46 49 50
40   51   424.22691979999996  :  40 41 42 43 44 45 46 49 50 51
40   52   447.79636129999994  :  40 41 42 43 44 45 46 49 50 51 52
40   53   473.17742259999994  :  40 41 42 43 44 45 46 49 50 51 52 53
40   58   427.7124121  :  40 41 42 43 44 45 58
41   42   23.307282  :  41 42
41   43   94.6109249  :  41 42 43
41   44   145.2862651  :  41 42 43 44
41   45   285.3252458  :  41 42 43 44 45
41   46   329.8597477  :  41 42 43 44 45 46
41   49   378.6572233  :  41 42 43 44 45 46 49
41   50   385.4717544  :  41 42 43 44 45 46 49 50
41   51   396.9879585  :  41 42 43 44 45 46 49 50 51
41   52   420.5574  :  41 42 43 44 45 46 49 50 51 52
41   53   445.9384613  :  41 42 43 44 45 46 49 50 51 52 53
41   58   400.4734508  :  41 42 43 44 45 58
42   43   71.3036429  :  42 43
42   44   121.9789831  :  42 43 44
42   45   262.01796379999996  :  42 43 44 45
42   46   306.55246569999997  :  42 43 44 45 46
42   49   355.34994129999995  :  42 43 44 45 46 49
42   50   362.16447239999997  :  42 43 44 45 46 49 50
42   51   373.68067649999995  :  42 43 44 45 46 49 50 51
42   52   397.25011799999993  :  42 43 44 45 46 49 50 51 52
42   53   422.6311792999999  :  42 43 44 45 46 49 50 51 52 53
42   58   377.1661688  :  42 43 44 45 58
43   44   50.6753402  :  43 44
43   45   190.7143209  :  43 44 45
43   46   235.2488228  :  43 44 45 46
43   49   284.0462984  :  43 44 45 46 49
43   50   290.8608295  :  43 44 45 46 49 50
43   51   302.3770336  :  43 44 45 46 49 50 51
43   52   325.9464751  :  43 44 45 46 49 50 51 52
43   53   351.3275364  :  43 44 45 46 49 50 51 52 53
43   58   305.8625259  :  43 44 45 58
44   45   140.0389807  :  44 45
44   46   184.5734826  :  44 45 46
44   49   233.37095820000002  :  44 45 46 49
44   50   240.18548930000003  :  44 45 46 49 50
44   51   251.70169340000004  :  44 45 46 49 50 51
44   52   275.27113490000005  :  44 45 46 49 50 51 52
44   53   300.65219620000005  :  44 45 46 49 50 51 52 53
44   58   255.1871857  :  44 45 58
45   46   44.5345019  :  45 46
45   49   93.3319775  :  45 46 49
45   50   100.14650859999999  :  45 46 49 50
45   51   111.66271269999999  :  45 46 49 50 51
45   52   135.2321542  :  45 46 49 50 51 52
45   53   160.6132155  :  45 46 49 50 51 52 53
45   58   115.148205  :  45 58
46   49   48.7974756  :  46 49
46   50   55.612006699999995  :  46 49 50
46   51   67.12821079999999  :  46 49 50 51
46   52   90.69765229999999  :  46 49 50 51 52
46   53   116.07871359999999  :  46 49 50 51 52 53
49   50   6.8145311  :  49 50
49   51   18.3307352  :  49 50 51
49   52   41.9001767  :  49 50 51 52
49   53   67.281238  :  49 50 51 52 53
50   51   11.516204100000001  :  50 51
50   52   35.0856456  :  50 51 52
50   53   60.466706900000005  :  50 51 52 53
51   52   23.5694415  :  51 52
51   53   48.9505028  :  51 52 53
52   53   25.381061300000002  :  52 53
55   56   12.2687497  :  55 56
55   57   14.4802133  :  55 56 57
56   57   2.2114636  :  56 57
59   60   9.0094825  :  59 60
59   61   18.658574100000003  :  59 60 61
59   62   40.704766000000006  :  59 60 61 62
60   61   9.6490916  :  60 61
60   62   31.695283500000002  :  60 61 62
61   62   22.0461919  :  61 62
